6
28
1074
1096
533
542
564
602
744
751
977
995
1004
1008
32
1122
1133
48
51
1150
1156
69
77
139
1301
186
365
398
448
465
474
506
647
675
707
811
902
1223
732
57
1230
915
916
918
924
929
931
932
934
938
944
945
946
4
947
948
950
954
959
5
968
971
975
1229
983
984
986
988
989
991
998
1003
1009
1014
1015
11
1019
1023
1025
12
13
14
15
22
23
24
26
29
30
31
34
1030
1033
1034
1035
1036
1037
1041
35
1044
1048
36
1051
1052
1053
1056
1057
1058
1060
1061
1067
38
1068
1073
1075
1077
1080
39
1081
1084
40
1088
1098
41
1103
1104
1106
1107
1109
1111
1112
1116
1120
43
1121
1123
1125
44
1129
1130
1131
1132
1135
1137
45
46
49
50
52
53
55
56
59
60
61
62
63
65
1141
1142
1145
67
1147
1149
1151
1153
1154
1155
68
1160
1162
1168
70
1177
71
1187
72
74
75
76
1216
80
81
82
84
85
87
89
95
97
1189
1194
99
1195
1198
1199
1201
1206
1207
100
1211
1232
131
134
138
146
148
150
155
156
164
169
171
176
177
178
1302
181
182
184
187
188
190
191
204
205
209
212
214
223
224
225
228
229
230
231
232
234
236
238
239
241
242
243
244
245
246
251
252
254
259
260
262
264
266
267
268
269
271
274
277
283
284
289
291
293
1226
295
298
299
300
307
308
311
313
315
316
1228
324
326
327
328
329
336
337
339
341
343
345
1224
1225
346
347
350
351
352
354
355
357
358
361
363
366
367
369
374
380
382
389
391
394
396
401
403
406
409
411
418
419
422
423
428
431
433
434
436
437
438
439
442
443
449
452
453
454
455
456
460
461
462
463
466
469
473
476
477
482
486
489
492
495
499
1218
501
502
505
510
513
516
521
527
1240
538
540
543
544
545
546
547
549
552
553
554
559
561
563
570
571
575
576
577
578
579
582
584
587
588
1238
595
1235
1236
1237
609
610
616
620
624
629
631
634
641
642
651
653
654
657
662
664
672
677
682
685
686
689
690
693
695
698
700
708
712
714
716
717
719
720
722
727
729
731
733
737
739
742
745
752
753
754
755
756
761
764
770
771
774
775
776
779
780
785
786
787
788
789
796
797
798
802
803
806
807
810
813
814
818
820
821
825
826
829
831
833
838
839
841
843
844
854
857
858
860
861
862
863
864
866
868
877
881
882
888
894
896
897
900
901
904
906
907
908
910
911
913
914
